# Created by Octave 4.0.1, Tue Apr 12 21:38:42 2016 Pakistan Standard Time <unknown@unknown>
# name: points
# type: matrix
# rows: 8
# columns: 3
 790.1650117980171 3267.580698442662 1
 675.9979518640857 2909.857243983011 1
 2479.837498820198 2894.634969325154 1
 2190.614280320906 2529.300377536574 1
 972.832307692307 2300.966257668712 1
 1155.499603586597 2278.132845681926 1
 1391.444860783387 3678.582114204814 1
 1551.278744690891 3632.915290231241 1


