# Created by Octave 4.0.0, Wed Apr 06 00:17:54 2016 Pakistan Standard Time <unknown@HabibAli>
# name: points
# type: matrix
# rows: 3
# columns: 8
 253.8067390278425 659.3546389806506 246.3654931571491 744.9289664936282 350.5429353468612 957.0044738083993 529.1328362435106 1023.975686644643
 537.1998584237848 180.020056630486 942.7477583765926 574.4060877772533 1474.796838131194 1162.264511562058 1932.433459178858 1765.005427088249
 1 1 1 1 1 1 1 1


